HAREV: 27.21138602 # eV
HARTJ: 4.359744650e-18 # J
BOHR: 5.2917721067e-11 # m
H: 6.626070040e-34 # Js
HBAR: 1.054571800 # Js
Q: 1.6021766208e-19 # C
EPS0: 8.854187817e-12 # F/m
C0: 299792458 # m/s
C0AU: 137.035999139 # au
ALPHA: 0.0072973525664
MELEC: 9.10938291e-31 # kg
MPROT: 1836 # au
KCOUL: 8.9875517873681e9 # kg m^3/s^2
I0: 3.50944758e16 # W/cm^2
E0: 5.14220652e11 # V/m
TAU0: 2.418884326505e-17 # s
MUB: 9.274009994e-24 # J/T
